1.5650964806858668e-17 1.648842312283221e-18 5.462089290607554e-17 2.0033615273999508e-22 2.69666121719503e-15 1.5012795659820089e-21 0.9999999999999976 1.0668168253857121e-24 2.4514104043335126e-20 9.99257721270099e-18 
4.287923089761708e-13 1.906998721867588e-20 2.7713925928959364e-14 3.058532254811471e-13 1.1423847908826496e-11 0.9999999999877409 3.303104793577503e-15 4.9253832053864435e-14 4.774037934947457e-16 1.966974836272623e-14 
1.883597385201245e-12 0.9999999997203455 1.529267401547863e-17 2.0302957416231818e-19 2.212528978384333e-20 1.8507663433919044e-21 1.763566883842955e-10 1.2497605250775361e-20 5.049111767246013e-13 1.0090969907599923e-10 
0.01850980339411606 8.87998131974493e-12 6.6995559036036e-10 4.277785185998967e-14 3.878274477445772e-11 5.049275662383567e-11 2.096113313342979e-08 0.981482553513147 4.547776480814519e-12 7.621358902474879e-06 
4.266207809731271e-20 3.2663208725004916e-18 0.9999999999731971 5.1290031370206284e-17 6.752624147945359e-21 2.570067809343274e-22 5.516908458690538e-22 6.25080045827247e-19 2.6800655438639287e-11 2.3413005791643804e-15 
4.650220020916317e-13 4.021346137582435e-13 7.976980928344061e-17 0.00015014364656923445 6.761308600243022e-11 1.2352874474203892e-15 2.5457983456516036e-16 3.628262871586554e-13 0.999849856284553 3.3578128063900747e-14 
1.831894261393794e-14 2.303788095408489e-17 1.6896233780783659e-16 1.131874296619441e-20 3.614650520570296e-15 1.1761009713285103e-13 7.162057582322151e-16 0.9999999999998577 1.8779514591751167e-18 1.7313754452424605e-15 
1.3219242607990287e-07 2.1615276458558693e-16 0.9998718841682964 2.3279811333610534e-16 2.929253460627078e-13 1.5665802696257581e-24 0.00012798360601863683 2.7256970035743854e-11 6.820322695078495e-15 5.7016810771153656e-12 
0.0 2.7096677316989283e-26 0.16676532760686194 1.0745947830918918e-61 3.4674331866705963e-07 1.6542507359586822e-119 0.16647963500595994 4.262763309330343e-25 0.0 0.6667546906438594 
0.9999911909902637 3.520302040108995e-12 1.2597275908871838e-08 6.53496879205926e-12 8.340326982608143e-19 1.7185589909622076e-13 2.0883456356765153e-13 1.0014749619608163e-13 9.064953994679262e-09 8.787336970348122e-06 
7.659089998378455e-13 1.2111425918648244e-12 2.332587676680208e-12 1.492165646733022e-16 2.012877428700532e-09 2.178176582907652e-12 0.9999999979689654 1.6715504984405676e-14 2.950700658736913e-16 1.1652050678780267e-11 
2.7609152475144854e-22 1.0 4.729219807830949e-17 8.400501164532816e-20 1.764605848591502e-27 2.1724975805532233e-23 1.0703130544152863e-16 1.6439424928236467e-18 4.447695231074063e-23 1.027141047317327e-17 
6.091764011982018e-12 2.081324989129586e-11 0.9999999986459711 5.5102086152721514e-11 8.559116502186083e-12 1.8783141940960274e-20 1.9740549337658118e-10 7.990342391766932e-17 3.4946718851423486e-12 1.0625623027449916e-09 
3.253022458406914e-12 2.7513904203158235e-12 2.689399359049696e-21 1.4158120232731256e-15 1.8553412821052719e-09 0.9999996521751081 1.1639999972333766e-16 5.461711926578173e-12 1.0318786791361379e-07 2.427702150791576e-07 
3.304336791509853e-20 2.848890437611595e-16 5.269316076665886e-22 2.976122360815053e-20 2.3810026954637553e-23 3.1940777761819953e-13 4.75358947738892e-12 1.9294854089646443e-14 3.6287539441056834e-16 0.9999999999949074 
1.859766230402329e-17 0.9999999997270037 1.8127375361638165e-18 8.381020520100897e-20 4.483205630079424e-21 6.604198786010004e-11 2.0686431122091565e-10 2.6233043017230255e-15 1.5672407286340088e-18 8.748048616509464e-14 
4.8566740961684945e-14 5.5139767444626584e-14 3.6287060143833344e-19 1.332003581007904e-23 5.576883055762976e-15 7.585693901407636e-24 2.4627227026429823e-19 1.4095410177972133e-13 0.9999999999997436 5.99206976753222e-15 
0.999999999985244 1.0057704637666898e-14 4.4634113052605863e-13 9.837245471653815e-14 7.645178128021812e-14 1.4234575795301304e-21 5.125889119037352e-15 2.719905556636696e-17 1.4119686439372794e-11 3.4693684324550524e-18 
2.6272359380160242e-23 1.2833070944556369e-17 7.432657714432463e-25 2.570438659289337e-18 4.076199531042217e-20 4.505019422733486e-18 0.9999999999033247 2.8480325088471143e-15 7.958932531649239e-19 9.667277107218473e-11 
6.136819262823441e-17 3.231625391580852e-25 7.561642025277462e-16 3.3521890336156e-19 1.6686797276846402e-22 0.9999999999999993 1.1980685111276006e-22 2.0620692044167222e-20 1.4635653045502366e-21 2.599500675777226e-20 
2.4179980367071686e-16 9.50830682506178e-13 4.835346656479812e-15 5.0324230279345315e-21 3.580029511878746e-20 0.9999999999989063 1.376079247027722e-13 2.5710810439526607e-40 4.8890794765612605e-23 2.0489874263021021e-22 
3.332801873188344e-21 8.029032198870369e-25 3.326320825947046e-15 0.42375283309739825 6.7519940267156476e-21 1.5589949213096732e-15 0.5762471668623039 3.15552415779041e-18 3.811880575411106e-11 2.1740974317273678e-12 
2.2225149541733437e-06 4.208963589315181e-21 0.34837961776201937 6.062277094248989e-23 1.4363583957918215e-12 3.91148715910672e-20 3.13785211236846e-08 8.209610499887152e-22 3.8770644896456523e-32 0.651618128343069 
3.0532674473932044e-13 0.9999999534320188 4.42949503638197e-14 1.5843476823298223e-21 2.1171732697468365e-10 7.841802696723286e-20 1.3307652115730112e-16 4.635591419041553e-08 1.1825345831508536e-18 2.3327502243351587e-23 
4.886900044680643e-20 8.733244762574776e-13 5.59415034672615e-16 6.664248614042926e-08 2.3018314986996957e-12 3.885702895709744e-12 1.424105181153467e-10 0.9999999332002378 7.797420280051281e-12 6.7750978178659115e-15 
0.9999996966379681 1.2353998429775077e-07 8.09658388799022e-11 5.584601915524888e-12 1.4206947581195719e-15 1.1651151679918711e-15 9.047173856088411e-14 1.957452810988376e-12 8.500539192701746e-08 9.47280547926118e-08 
6.1375569424761875e-12 4.880165665865649e-16 0.9999993263341523 3.2578341211185987e-09 6.683247794219302e-07 1.8765085086729024e-09 4.4289967958272905e-13 1.4910668318735823e-13 3.033844439223723e-14 1.999654764691222e-10 
1.9204616621106326e-15 0.9999994751565013 6.576737951532125e-20 2.412401298342262e-11 4.656931589927312e-07 3.2769235496234754e-09 3.963988427843198e-10 4.650005386293999e-08 4.0568521357196586e-12 8.948780675908066e-09 
8.16611895023883e-15 8.34230571937637e-18 5.94109544618952e-16 1.1668094075711813e-10 0.9999999998831332 7.375273139012632e-22 1.640087323933078e-14 2.837059098973936e-21 1.4555043879414167e-20 1.609468644362523e-13 
1.2905526799646467e-13 7.625052904406472e-13 4.199472507550253e-13 1.0177957822178453e-08 1.6866266230822562e-16 4.850805715129628e-13 3.19439080632604e-07 0.9999996703122859 6.811640270598607e-11 7.623594122348437e-13 
4.0061890174658546e-12 3.099762801477132e-06 4.576638045101809e-19 9.932718217215304e-09 7.879530942940616e-18 0.00021974515546256343 1.8137727059074007e-07 1.2352515968609406e-13 1.6116229988923232e-10 0.9997769636064552 
1.475330316543426e-11 6.0277367890632066e-15 1.685742369005119e-07 2.1326263364024004e-14 1.0896620380485362e-12 6.206932965743069e-19 0.9999998314095483 7.658655546053335e-15 3.365585551206257e-13 5.844232691935305e-17 
7.360699127202341e-07 8.660678863782612e-08 1.4141844011541937e-12 2.612905966324808e-06 2.2749113590505486e-07 0.9990436749669305 2.2630579405615695e-18 3.994621028850209e-15 1.669273803487193e-08 0.0009526452651096488 
5.326715457985663e-29 2.587776316848517e-22 1.138418755566101e-21 0.9999999999994764 1.2786610438603856e-22 8.180253859791915e-15 3.6238541273565125e-14 4.777584894773481e-13 1.4645343712977832e-15 4.0512060421102305e-17 
1.2876550360764997e-16 2.1524547042291688e-07 9.2010791847305e-18 1.3191621087972693e-19 3.74963642587443e-15 3.787084949310885e-20 3.464427449616735e-10 2.3846244892615308e-17 1.601549812823138e-13 0.9999997844079227 
5.504706891434212e-07 2.1075819494480983e-11 7.32497299097854e-12 0.9999994486482094 4.766120708771343e-13 2.943283077469681e-16 5.261279708394241e-15 1.7541942640788726e-18 8.522173790743915e-10 1.1272101946668128e-15 
2.506629812642676e-19 5.3804706050449346e-14 7.809896120748603e-17 0.9999999999999459 1.468423816686417e-21 2.1479542957250942e-19 9.26010413744386e-19 1.1182908180875511e-18 1.1179984411681208e-16 7.686805280308128e-17 
2.20467479413867e-17 3.233177271204598e-15 2.5944295624193753e-23 6.362898449502727e-12 0.9999999999416125 5.2021283940462134e-11 3.916342775230886e-20 1.1289629171696283e-18 4.672968973582421e-20 1.327673525531568e-18 
0.9999856977804022 3.3267169416625764e-19 5.2384936235695044e-11 1.430213158998079e-05 7.1450776697257e-13 2.0615964070054907e-11 1.0795755782360786e-12 3.4570024036694956e-13 6.41658405533006e-13 1.2225382167444266e-11 
1.1354959151213055e-26 1.7098279849360701e-12 2.198691571840856e-21 2.4185440331544483e-20 4.680846348750056e-22 2.148806660135927e-15 7.635183974441661e-10 4.281650615636968e-17 0.9999999947990511 4.4357185109224315e-09 
1.2563777964565112e-05 2.7437869492509454e-12 1.5084017792617737e-16 0.9999869696055788 2.2103521864217434e-11 2.1562255387928578e-07 8.897164154368376e-11 1.8623100611960467e-10 3.1846258504172726e-12 2.506906680645179e-07 
3.3374895394360076e-16 0.9999871807181027 3.4708871249476596e-19 2.2263192489698896e-13 4.604712623690363e-14 8.168778644735903e-11 5.828329284586223e-11 5.471223466757994e-06 1.2114069156479336e-10 7.347797050076525e-06 
8.498736352919229e-17 3.8745898580323183e-19 0.9999999999999543 1.6422473912047358e-20 3.4790647961202545e-14 2.3809357072385634e-16 1.0412981566675128e-14 1.607486351482182e-17 9.056381846577396e-18 8.018131113659237e-17 
6.987925383407952e-21 4.210587973833291e-13 7.0148391164254194e-12 7.518146580469407e-14 7.281826891566384e-17 0.027214951909201486 0.9727850480823018 1.060889763887283e-13 2.5454994204271036e-15 8.766703887957997e-13 
2.122031301421899e-09 0.9999902958675047 9.31467227818479e-06 1.4562855658040253e-10 4.125696206401668e-15 3.8718630536256335e-07 3.6292399498969736e-12 2.5726326000893496e-12 4.56119386116864e-14 5.08018641395077e-18 
4.6767153950367125e-20 1.4042464330672418e-20 4.549260635144663e-13 2.940805971967521e-19 1.0008182974609968e-15 1.8033457013731547e-11 2.2895634705363528e-14 1.2037210888933797e-16 0.9999999999814853 2.2084828388453343e-15 
3.0552156920660022e-15 4.280746048862853e-16 6.387182168909744e-10 0.9821118832062093 1.6161564759806892e-07 5.463350036876453e-13 5.990693378368352e-11 0.017887954478968047 4.5385919620622835e-17 1.7853635583777464e-18 
2.327725979991177e-18 2.336838347085175e-20 1.5732347745692654e-13 1.0217263126518052e-22 0.9999999999998425 1.469562178771044e-16 1.7022335075603715e-20 8.637002168720252e-21 3.718589619569036e-16 4.9282452266023355e-21 
1.0847585726992863e-07 0.019156957424032832 0.980842910236881 2.282581749437566e-08 8.585695616263315e-11 1.0659056841660564e-12 7.162412102574452e-13 9.469540735636974e-10 2.194940172247004e-12 6.230828529223852e-13 
3.138106438399208e-10 1.3030046233852908e-17 8.493310575817658e-18 0.9999999996845447 1.3560384822164172e-12 1.02394943318475e-17 2.864060394055215e-13 1.999702528605818e-15 2.6579078971337615e-16 3.185710952617582e-16 
9.29093523805088e-15 2.881211205743453e-14 3.1724122592929845e-08 3.2896941055787105e-18 0.9999992340002569 3.1634837915068415e-22 1.0883028997063933e-17 3.218776638390308e-15 7.342755409807313e-07 3.7994528540362566e-14 
4.135700662264582e-15 1.582624792219091e-13 2.2672535047799063e-21 2.4645969758787374e-05 6.067693494950213e-09 8.749201360889311e-11 0.9999753473815465 5.024053049273929e-15 1.2058654563671676e-14 4.933297942112721e-10 
2.015273785029673e-12 7.54392358486586e-16 1.12824324747043e-15 2.224217282857009e-16 3.268396016634067e-19 0.0025107260167005468 3.30469863263227e-17 0.9974892739215414 5.905465887170294e-11 6.860695155417748e-13 
0.9999999474688315 4.2601364030411217e-16 3.8363169750190607e-14 1.3142825648237664e-18 2.9844900613405754e-16 1.0066327643077871e-08 2.311936756783986e-14 1.1031994366674904e-09 4.445371385661992e-21 4.136157899805835e-08 
2.195113975592768e-20 3.8277590674307625e-16 0.9999899043562662 2.180116176757758e-19 3.6911392972695333e-16 1.3406971255818309e-14 2.5716965507109458e-17 1.3400312646444955e-09 1.0094303687843709e-05 1.8177021426108275e-16 
2.561551456791255e-05 1.6015878404249465e-25 4.704699890187494e-14 2.0185240766108054e-05 0.9999541755152891 5.094017906755329e-14 2.9473808334141498e-15 3.2298809983205638e-15 2.259570673423688e-08 1.1335659988183547e-09 
2.0228447733388967e-12 1.3179935011705577e-17 5.379683434569989e-16 3.887936782481422e-09 7.236196331010606e-07 1.161765452088663e-15 7.795506259977475e-10 1.0109700862757356e-16 3.2315660742682626e-17 0.9999992717108548 
2.580363052912597e-13 6.098348251130162e-20 0.9999999936772637 6.842175675177335e-20 2.4522799544017047e-13 1.8425333023754042e-13 1.2132915924089556e-16 1.3061357271801814e-16 5.592046641460023e-13 6.3214896403335745e-09 
0.9999998203846581 6.063946625609569e-08 8.552392416410908e-13 8.465646177874865e-10 1.0272859412153332e-08 1.5412803888030543e-11 2.0563329086183487e-15 2.9137887004752096e-13 1.0783988961733966e-07 5.72955009201013e-16 
2.582835891810399e-24 3.2767113518004564e-17 8.141813963223447e-17 0.38168431515223805 1.7062343026125775e-22 1.2826419102650526e-08 0.6156075012732489 2.13275492148151e-16 7.8330684088783e-16 0.002708170748092841 
4.150101412350032e-16 2.452157463219251e-11 1.8048371697132965e-19 6.573792567856487e-15 0.9999895225398537 2.6073928219080234e-09 1.0467484994277703e-05 5.481077624854231e-09 8.344669990019505e-11 1.778706468362001e-09 
2.951198334544951e-13 3.537157591720459e-10 1.3208536836955062e-16 2.8117980931892263e-14 1.4779472833529429e-13 2.049714051884797e-15 2.4277636630392405e-17 5.930058677553982e-08 4.995000456244418e-14 0.9999999403451744 
2.0216847232204533e-18 4.50491832440362e-15 3.0638845350227187e-20 7.791776346424028e-17 1.982305261474496e-18 0.9999767223957478 8.161320100480607e-17 1.0182059699987455e-12 4.468116009286566e-15 2.3277603224975824e-05 
0.9999999999999926 1.398585189506963e-16 1.5556801599102694e-20 2.7761156115289887e-22 6.491712127349348e-21 4.307700432979506e-19 7.203217011653304e-15 2.7614727852568884e-22 3.7341858556535275e-17 4.1622743293274827e-19 
2.3246762674615317e-18 9.842008473807326e-10 7.197140643097411e-05 1.4688562131238078e-17 3.153158117799697e-07 2.4842181044543975e-06 2.5002412502240213e-05 1.0718494787842203e-19 0.9999002255987747 6.41750176673401e-11 
0.9998727661887591 1.040551509039612e-06 5.6552376844624595e-15 5.7485650529066444e-08 4.8205689054622195e-05 7.445473118138993e-05 2.387642903029484e-09 1.1629009205735132e-10 7.776889640557226e-14 3.4728498288940487e-06 
2.5283227448583534e-17 9.132341383677145e-07 2.2939923052448216e-28 1.0273747529631878e-19 1.0125672143171397e-18 8.19334422071546e-25 0.9999990867657961 1.0806485261617091e-22 6.537294186040457e-14 9.25795538513679e-22 
3.8071642987767e-19 8.287346540526472e-16 2.1991707571124904e-16 2.6918798031283567e-08 4.899737630078758e-14 1.2664765908098214e-15 6.350926326256013e-14 1.8655794994053526e-15 0.9999999679894506 5.091634674241154e-09 
1.456618871102062e-15 6.436154758259441e-14 1.2435740611843492e-16 0.9999999999952343 3.057159470657974e-14 4.3100132039687216e-13 5.793987494091376e-17 5.2741831875239906e-18 5.010947558822522e-15 4.233073833260845e-12 
3.017977628317374e-06 3.617945512209931e-09 8.749359894187927e-11 0.999996977867198 3.0181039178012205e-12 2.2105830617074897e-14 7.318199804426424e-13 4.32140441634745e-10 1.3822285999278237e-11 1.488767866132695e-20 
5.853523868010693e-11 0.9993286312535602 5.310025003542993e-08 0.0006712746163993788 2.943832423844697e-08 4.3493337375826872e-16 2.4306229506201852e-12 1.4322374998368955e-10 5.549719287051276e-12 1.1381726581374607e-08 
0.9278141092101764 1.2776153675733786e-07 0.0023961383802074674 2.8465062847813875e-10 0.0697830415163256 1.73096909271178e-15 5.540154594326054e-06 1.0100432085509836e-06 5.862874297589136e-09 2.6786424109364714e-08 
0.9999999804067138 1.0626056598450051e-15 3.876090867355239e-16 7.304837611642066e-17 2.5349460662860015e-09 2.442204771955597e-10 1.2893510858808929e-12 1.3702655883564865e-09 1.983918748596099e-11 1.5422724156321254e-08 
9.820202626000344e-12 1.4067750692638314e-11 3.4903974157248358e-12 7.914729920477435e-21 1.508420535044773e-06 2.3835501743609397e-15 1.4313409176247123e-09 3.8248646477101356e-07 6.057056423366579e-13 0.9999981076336729 
3.069715368726861e-08 2.9486841119068917e-08 1.2420211288865083e-10 8.144868958548686e-15 2.5818706070371868e-11 2.164971398052495e-12 0.9999998195312946 1.2012142458561163e-07 9.777499287446224e-12 1.314623699517244e-12 
1.1855796956224934e-08 9.039308537111228e-11 7.360941419492022e-13 2.6006349530479956e-11 1.2675362318975052e-12 9.01333857353595e-09 8.818069386279696e-10 0.997313290877759 0.0012990162588193126 0.0013876709940768876 
0.9999967941763878 7.343080852656074e-07 1.0271693958462746e-06 1.30677506195625e-12 1.1277525055022287e-08 2.892922631618131e-13 2.3605893804687357e-09 2.2100970525303808e-13 1.430696537655804e-06 9.661689958563917e-12 
0.004418333029070674 1.5282059366781348e-10 0.09862267175599962 0.1369291271048877 3.1069162513789435e-09 1.3888303409097546e-16 4.12935714652434e-09 1.2735757581031842e-11 3.448439747126804e-13 0.7600298607078673 
4.685519503204851e-19 6.52888650424588e-20 8.980825453689097e-25 3.192571179706089e-22 8.112231193876956e-21 0.9999999974683018 7.588475828390326e-21 2.5316982732979606e-09 1.083196454915036e-21 6.883451518741584e-19 
3.623877896194687e-15 8.49299821460698e-13 2.1641771585314918e-17 3.2787252238126897e-20 1.3891997628579796e-19 1.2631145631722925e-16 1.601038624221496e-07 7.292364011501804e-14 0.9999998398951928 1.7941893462662425e-14 
1.852086304496166e-12 1.6671926976063306e-17 1.6418953873499337e-11 7.47791781491645e-06 0.9999925220637225 8.903727542605967e-17 3.8261468270225976e-16 4.57202103185181e-14 8.771661050955855e-14 5.7743068241488e-14 
3.127712305754621e-12 3.804849564041589e-15 6.272689973180397e-10 1.7182903383601987e-12 1.7795015447336465e-09 1.7005580990646542e-11 1.849356737742277e-13 6.745581363660255e-14 0.9999999975711188 2.8490275395825093e-15 
5.981707491493747e-12 2.0030682382854207e-09 7.518336207339769e-14 3.127552615736425e-10 8.805371777943104e-09 1.654129716188048e-11 2.979284151221427e-18 2.112026188180565e-16 0.9999999888562062 2.163281165487141e-16 
6.444172596419441e-19 2.4084247876467336e-18 3.9382625165128464e-15 3.6581605192512567e-16 7.207612217320037e-17 0.9999576537439103 3.4254780897418604e-08 4.231200130430748e-05 5.847033069157294e-17 3.2399921219896737e-22 
5.488288621193092e-16 1.729027844488148e-13 6.915743817363889e-13 0.09675792282329815 1.61652265075292e-07 7.429925721599856e-16 5.052000547451208e-19 0.9032419155235526 1.8332857724445962e-14 2.5273935874489685e-17 
4.647377621031171e-20 1.3453019693030895e-14 0.9999999999951854 7.535547685099187e-14 4.389556058532156e-12 1.1343566104133753e-18 4.1720733748076516e-20 2.0322397279723025e-22 3.3592011144972454e-13 3.070267494811542e-16 
2.891521235006821e-10 1.934698098958294e-11 1.3064086075755853e-13 5.416725292883631e-10 1.3934266277945269e-14 0.12437491242296565 9.612932760543566e-07 2.2941472441610242e-07 6.327209365282594e-11 0.8756238959554454 
1.555153673004677e-11 3.103400760256024e-07 2.044670844738932e-15 4.282669422098725e-25 0.9999996895992281 2.9077362860785914e-15 4.559689818198833e-12 4.524400266622059e-15 3.5111633561881955e-11 5.4635056272323706e-12 
5.759802949494969e-16 9.864769338333759e-11 1.8978084603353517e-21 2.5009840275414054e-14 1.9751896943490502e-12 0.9999741731969091 3.294117795298512e-10 7.472424088897958e-06 8.909044779395061e-12 1.8353940032898258e-05 
1.3461301251299837e-22 7.424258440267845e-20 0.9999999999997147 2.1057354742370686e-20 1.1795676050402819e-18 2.819004330586439e-20 4.305904221103678e-15 5.371299799359545e-18 2.81040970429111e-13 3.8319598319105267e-22 
2.1016021591183337e-12 2.0804774988390098e-16 1.6588673942031274e-12 7.93052159798335e-14 2.5211574662545482e-11 0.9987059677941118 0.0012940321758570677 9.788836899910585e-13 3.0868380049867684e-18 3.4259355830170816e-16 
1.6158860467436464e-09 9.929134351243609e-08 2.374367195709758e-09 6.264599152245059e-13 8.418772710841029e-09 4.461030540713239e-16 1.7871109861596962e-12 3.470625464167995e-14 5.4352753824305324e-11 0.999999888242829 
8.431783949412394e-15 4.790715873250799e-12 8.024676017350405e-15 0.9999996311822817 1.109485442123039e-26 1.5353260386620704e-10 9.708971109403878e-22 3.6865937848215655e-07 2.3881938562367392e-17 1.2715407258154855e-19 
7.541342756171688e-14 2.2665683243563626e-17 4.101422101076252e-18 2.8276084264652623e-07 1.0451801915991385e-05 2.427217387307698e-06 1.3706647810253324e-14 1.3578204519143118e-10 2.282516821170463e-14 0.9999868380839597 
3.200950377230036e-18 0.9999999999290544 2.0413295579112316e-23 2.4967619504782846e-18 8.326499423788303e-20 4.991521945312646e-21 7.081396623079126e-11 1.3069385004504459e-13 9.898959893458841e-16 2.2682077829283614e-16 
1.8812746985379702e-14 2.0545325498462234e-16 1.7402846380948925e-13 1.9884215034584777e-11 2.7062800829704255e-14 1.6715120092012003e-16 1.089945717347739e-14 0.9999999999457913 1.2646843721530454e-14 3.40810103047931e-11 
1.2519676771908679e-12 1.0121335008704534e-16 1.6148996262737316e-10 1.0430708868795286e-09 7.649530421576719e-14 1.3128656300326524e-16 7.045017367126858e-16 8.995461697341637e-10 1.4729196810327839e-12 0.9999999978930908 
1.6282449001043792e-19 7.808576879999291e-15 1.485745266649144e-37 0.08997976760936807 0.39443271670076446 4.935587034337129e-09 2.8455038908430693e-06 2.905206727052564e-20 0.5155846652503577 2.4053756152011396e-14 
3.98845638467216e-13 0.995784181867492 1.680990532755352e-24 5.1431389223962185e-22 1.7190952165815715e-16 1.05228195706303e-21 0.004215818131189797 7.028377227041502e-19 9.191271361918562e-13 7.334887463083223e-18 
2.9049985139709973e-18 0.9999999999999989 1.365031552917168e-19 1.0105120798136077e-22 8.292609874944285e-16 1.277013259846533e-16 2.3271658835957943e-21 4.8501551640448443e-23 3.713737213700146e-16 2.509594610437599e-22 
